function col = GetDefaultColors()

col = [ 0 0.4470 0.7410
        0.8500 0.3250 0.0980
        0.9290 0.6940 0.1250];

end